===== EMBEDDING 1 =====
-0.04479977,-0.01707235,0.005924276,-0.045495227,-0.07319415,0.028203301,-0.0037852116,0.066581234,-0.036674894,0.046458054,0.0046596155,-0.11322274,0.0477272,-0.07819341,-0.026093023,-0.007890623,0.016378462,-0.09656165,-0.0024321857,-0.024710974,-0.00590041,0.012227108,0.038169935,-0.04693085,-0.02716132,-0.033036448,0.04876491,0.06590058,0.051789813,-0.026279991,0.055577185,0.074601844,0.05756076,0.03839122,0.06715625,0.005671788,-0.008170206,-0.14824213,-0.0023119298,0.0046863463,0.026409274,-0.0014458383,-0.009148071,0.05709644,0.06813185,-0.039353874,-0.082993545,-0.048875943,-0.025626555,0.0018532734,0.0071970564,0.08944463,-0.029147498,0.029336268,-0.09601364,0.058491763,-0.013033055,0.016275385,-0.016803999,-0.07498265,-0.008715867,0.017785555,0.010649744,0.03789619,-0.015254889,0.021432124,0.025524836,-0.011873109,0.078806475,0.021012703,-0.03091968,-0.059198886,-0.07454433,0.053856455,0.051524267,0.009427274,0.015236473,0.009411824,0.007959653,-0.018575229,-0.041756433,-0.012732533,-0.059555978,-0.03392844,-0.0023935721,-0.052771095,0.0119817415,-0.0053240326,0.031092396,0.015339403,0.09214172,-0.05318471,-0.04155362,0.019445488,0.031834282,-0.044454142,0.01795559,0.042468995,-0.0065324167,0.021831013,-0.021530047,0.008180315,-0.06865599,0.031233184,-0.07554568,-0.009230929,0.062043242,0.024646582,0.101152495,0.0004200473,-0.059853274,-0.025502833,-0.010167832,-0.07962804,0.0036741786,0.059591994,0.03004927,-0.029174667,0.061906185,-0.013101634,-0.028287351,0.022258999,0.0059715,-0.12296252,-0.05776693,-0.20386834,-0.091307014,8.574613e-33,0.0006754662,0.020095607,-0.029579967,-0.026103934,-0.07300853,-0.030237513,-0.058452714,0.027434247,-0.025255708,-0.01952832,-0.0030418823,0.035777256,-0.05077435,-0.021634618,0.055837337,0.037429217,-0.009541905,0.004286456,-0.03560185,0.08020864,0.014789419,-0.095406465,0.023126818,-0.0239654,0.038311355,0.053296767,0.030382117,0.04882226,0.051769838,0.04153534,-0.006453663,-0.050967794,-0.08495393,-0.07171305,0.011964835,0.019743508,-0.012059513,-0.00393261,0.028480887,-0.054598738,-0.0034465378,0.04651562,0.10659616,0.0034529143,0.07206338,0.014824423,0.06948219,-0.019608015,0.065756984,0.024999244,-0.1371877,-0.086349666,0.019464301,-0.04892473,0.025718944,-0.020460403,0.003864772,0.040675003,-0.0006745443,0.05564489,-0.042912144,-0.015587284,-0.08099516,0.027279347,-0.043869168,-0.027501063,-0.08728423,-0.027978601,0.06159479,-0.032151155,-0.06179719,-0.06911615,0.005953728,0.052272283,-0.0036200825,-0.017866915,0.054881655,0.009571277,-0.00014260421,0.02765247,-0.03420374,-0.03171645,-0.034283996,-0.03411283,0.03561721,-0.020073602,0.08888406,-0.028933313,-0.03565917,-0.027825326,0.07192523,-0.014555229,0.045254342,0.061283883,0.0036793072,-9.3779595e-33,-0.007784878,0.027699023,-0.038873307,-0.014527838,0.06335523,0.047714584,0.110634506,0.028090015,0.057404198,-0.04710451,0.071577325,0.0031525162,0.04651671,-0.078968555,-0.07165632,0.008394557,0.011251461,0.01095232,-0.034553517,0.11253677,0.029168876,0.06550474,-0.016929185,-0.055638023,-0.005774772,0.030385058,0.024446052,0.01879434,-0.052391388,0.023677213,0.016363006,-0.0028751055,-0.19901463,0.057953212,-0.077586554,-0.12690438,0.09839741,0.055895623,-0.07753348,0.031122375,0.10027777,-0.03061597,-0.030451149,0.03541415,0.06214759,0.0495824,0.063853614,0.018874954,0.036810968,-0.010559216,0.004155779,0.0239734,0.10811578,0.064411834,0.07734174,-0.05924752,-0.0027439352,-0.054986745,-0.036383633,-0.035456676,0.09411345,0.09846117,0.029051032,0.01940119,-0.018868778,-0.05684227,0.014208686,0.09915314,-0.05760826,-0.045357,-0.07404587,-0.08077183,0.021934247,-0.07028728,0.023826124,-0.007306653,-0.044281956,0.007403326,0.055190627,-0.035421066,-0.0594738,0.037341733,-0.048036013,0.054502144,0.06904302,-0.04479813,0.015556644,-0.07494776,0.042392533,-0.015150071,-0.047235936,0.05089557,0.050144535,0.02398685,-0.07443947,-6.318276e-08,-0.046738185,-0.044863846,-0.01737739,0.027358785,0.046457577,-0.022125028,-0.120777264,-0.05594764,0.024355985,0.022312038,-0.010539403,0.023677425,-0.0533842,-0.017884417,-0.020040292,0.03588102,-0.012225054,0.069209136,-0.00040434703,-0.056195334,-0.039456453,-0.055742905,0.060680185,0.020111218,-0.008490114,0.06626981,0.0072992956,-0.044127572,0.010005982,0.07080625,-0.021861589,-0.032900516,0.018723493,-0.06585902,-0.005375398,-0.045178715,0.025674783,0.005081802,0.03868922,0.03233263,-0.02889673,-0.056300238,0.05193383,0.047648806,0.07578081,0.07067245,-0.030475847,0.010893127,0.04510268,0.014231252,0.01418364,-0.06532277,-0.031185633,-0.10098,-0.021247307,0.08028195,0.06575169,-0.026297346,-0.04803033,-0.04277963,0.13357806,-0.06383694,-0.014502767,0.018078964

===== EMBEDDING 2 =====
-0.039435588,-0.004705801,0.0021257764,-0.01677526,-0.048940156,-0.0014674404,-0.02717257,0.06857382,-0.0029697733,0.035640784,-0.000798748,-0.15001383,0.00718819,-0.04203662,-0.033344444,-0.024709135,0.023495873,-0.049259357,-0.015826533,-0.058026634,0.045618255,0.0009534974,0.009555637,-0.03923968,-0.004144758,-0.04145309,0.055827692,0.015289481,0.022615464,-0.031393953,0.051161673,0.11019008,0.037036154,0.004980223,0.09840894,0.005751379,-0.009370962,-0.046338804,-0.010714901,0.024301939,-0.008040483,-0.0153497765,0.025380222,0.028438961,0.046780832,-0.0051863627,-0.078425474,-0.048604053,-0.00014587252,0.023525624,-0.01425215,0.030835291,-0.04092343,-0.0012430835,-0.05544844,0.018491434,0.059645083,0.0035746356,-0.0730846,-0.05034193,-0.08691565,0.06597007,-0.01909035,0.063493654,0.0054691914,0.017076645,-0.021163762,-0.0015579083,0.123464234,-0.0030413312,-0.05272996,-0.012419239,-0.06845072,0.006184164,0.040632654,0.024596019,0.005345847,0.06693085,0.06807502,-0.06938804,0.023471527,-0.012925836,-0.056971617,-0.06309689,0.0018201193,-0.018240992,0.00066473935,-0.008483873,0.016277151,-0.021095814,0.20058,-0.0063034566,-0.06312136,0.020462295,0.046646524,-0.017022293,-0.021376757,0.052031666,0.021357436,0.013727467,-0.0030213934,-0.0075213704,-0.101060554,0.0401889,-0.06900337,0.0051809745,0.059843227,-0.009534093,0.07252959,0.02623034,0.000115534276,-0.065173626,-0.025473844,-0.029539058,-0.038661174,0.081061,0.08099947,0.011145386,0.05784801,-0.010299766,-0.02756076,0.041286692,-0.024439037,-0.1519854,-0.024407862,-0.17324486,-0.0639689,5.5042817e-33,0.040279433,0.030630847,0.012883456,-0.096619226,-0.040528417,-0.027263984,0.029256348,0.033488214,0.02025071,-0.001915996,-0.04142508,0.032973792,-0.032763734,-0.05680231,-0.05112124,0.019453313,0.025764503,0.025902562,-0.035680488,0.08618484,-0.031885225,-0.0683532,0.011145248,-0.011146571,0.0025981818,0.08353436,0.025487732,0.039436232,0.08197081,0.019340882,0.0053605307,-0.039638214,-0.062115606,-0.010730513,0.032096405,0.038496576,0.03761431,-0.016186174,0.019045971,-0.022465555,-0.0026213392,0.024415862,0.098461464,-0.007138836,-0.016781084,-0.014736009,-0.0010123965,0.010560522,0.08057493,0.05028032,-0.12238536,-0.12126145,-0.016970262,-0.007211469,0.0386643,-0.041422334,0.027285181,0.051784392,-0.035191152,0.05918615,-0.065594584,-0.019238824,-0.08377086,0.033001903,-0.028165141,-0.085378535,-0.06596696,-0.08298447,0.060041897,-0.0108015025,-0.078534156,-0.04139666,0.022328649,0.021414744,0.0055737197,0.0002854265,0.056531914,0.0074085817,0.017327253,0.046099473,-0.028218204,-0.04075664,-0.063538425,-0.054458648,0.049374506,-0.003592524,0.06707996,-0.013013152,-0.006248336,-0.03394862,0.023262087,-0.030970918,0.025098627,0.08965934,0.05677823,-6.254918e-33,0.00775777,0.061036322,-0.044128057,0.058818746,0.08575487,0.03835068,0.06349974,0.032217637,0.08632962,-0.05274854,0.024280377,0.015332256,0.007268154,-0.027775502,-0.06100978,-0.0064070784,-0.0126497,0.06578093,0.00036124804,0.091813564,0.029710067,0.08045205,-0.013057654,-0.0040159975,0.018051349,-0.014052738,0.0111306645,0.0011320425,0.0009961269,0.036650516,0.026805509,-0.004562256,-0.18512459,0.08370352,-0.10191037,-0.092969336,0.11524019,0.09660478,-0.02533052,0.13927224,0.03214116,-0.058425806,-0.023268843,0.0032671497,-0.004557497,0.020918414,0.07911573,-0.027184835,0.03577,-0.01242204,-0.013690446,-0.025243605,0.080509186,0.05296997,0.033072684,-0.005426799,0.03230806,-0.035202656,-0.057337478,-0.027562467,0.121028185,0.090495,0.0035259656,-0.037033547,-0.02776957,-0.012330895,0.023455426,0.1287599,-0.022168364,-0.01008124,-0.06653972,-0.018098919,0.053404003,-0.04647631,0.023311144,-0.0197334,-0.023746459,0.008466061,0.08481457,0.020460453,-0.06357139,0.025405502,-0.062413834,0.034955956,-0.012322235,-0.05149033,0.062782444,-0.07604511,0.028437732,-0.025137687,-0.08813868,0.039654687,0.07580805,0.034347832,-0.07015978,-5.6196814e-08,0.013776685,-0.04778701,-0.021361543,0.032799337,0.056619566,-0.031781387,-0.10364923,-0.020003747,-0.04274445,-0.00593864,-0.045837354,0.041668095,-0.08017589,-0.05388329,-0.03788245,0.04964858,-0.012593486,0.0629855,-0.022840299,-0.06487505,-0.0046056113,-0.030803092,-0.010942538,0.00038542543,-0.026943084,0.08763419,0.027816813,0.006880784,-0.020498708,0.037886467,-0.0031134977,-0.052882057,0.03531583,-0.05806043,-0.014869384,-0.06814623,-0.020382104,-0.03516854,0.055967253,0.053040702,-0.045009267,-0.03292671,0.035349324,0.010769196,0.08347984,0.011706718,-0.09793721,-0.0064995065,0.018482707,-0.0033389172,-0.009109063,-0.038312916,-0.060147736,-0.083323725,-0.054119125,0.08335232,0.08153646,-0.0058105374,-0.06918644,-0.015252077,0.0726821,-0.048859227,0.032321133,0.012616084

===== EMBEDDING 3 =====
0.07565546,-0.06714167,-0.051068317,0.028157631,0.022941872,-0.044893105,-0.017246991,0.081556864,0.029882496,0.041344237,0.018964257,-0.13678361,-0.03389292,-0.019638337,-0.050326448,-0.034553036,0.034608725,-0.08783721,0.021017952,0.01048148,0.011020338,-0.06989337,0.08065332,-0.0107953,0.015934689,-0.0334668,0.077711955,0.031287853,-0.002686324,-0.021890521,0.050041333,0.060435038,-0.007795783,-0.05021901,0.102379374,0.035068512,-0.042092204,0.001184433,-0.025014468,0.049348008,-0.0037108175,0.0070548556,-0.04001164,0.003925805,0.023878545,-0.017428292,-0.09967389,-0.00034441412,0.020781461,0.04946421,-0.004678969,0.029645575,-0.05991726,-0.02310327,-0.01686124,-0.030935017,0.021920005,-0.017924236,-0.056754872,-0.03790415,-0.0102377115,0.04677892,-0.047214504,0.016894316,0.01417526,0.04561279,-0.0024480233,-0.023483016,0.08088002,-0.03657841,-0.06251484,-0.055212773,-0.11651147,-0.00092070823,0.035690546,0.042075034,0.06733085,0.10042833,0.0041844915,-0.05318395,0.035433464,-0.012477135,-0.052220743,-0.058112364,-0.0029236334,-0.05939918,-0.0074930675,-0.033020027,-0.034654975,-0.011381081,0.16276428,-0.01125152,-0.084414154,-0.009871001,-0.0040086615,0.0078877285,-0.04532962,0.022017118,0.03781357,0.019595867,-0.01841252,-0.006268547,-0.033379335,0.021694783,-0.15505092,0.028851926,0.035667278,0.021571754,0.07898763,0.01827887,-0.06925239,-0.055230565,-0.01274817,-0.013499216,0.008176461,0.08226413,0.01446802,0.02647317,0.09727947,0.10265023,0.013769258,0.05743216,-0.037194885,-0.1218783,-0.04966926,-0.106865644,-0.067469195,7.140914e-33,0.008337343,0.08313295,0.027575906,-0.0853021,-0.06483414,-0.018201813,-0.023715327,0.05401318,-0.043240063,0.037190426,0.0029655092,0.00915853,0.062336363,-0.08310714,0.018140154,0.0060819774,-0.009869334,0.048105553,-0.008701264,0.11335262,-0.008676134,-0.032432977,0.02717537,-0.033105586,0.026610775,0.06449477,0.037699718,0.033808228,0.05009438,0.01663137,-0.00013320564,-0.0026126956,-0.06707099,-0.04192025,-0.024144901,0.028253876,0.008074834,-0.05215792,-0.023696017,-0.0607682,-0.07905444,0.016688416,0.045678463,0.017418528,0.00234085,0.027286636,0.08688817,0.04437246,0.042481318,-0.00072134193,-0.14082028,-0.08846211,-0.03860405,0.060086843,0.005525912,-0.013027771,0.011971596,0.03994734,-0.0020497805,0.01950928,-0.016986167,-0.021176014,-0.025477258,-0.0029322028,0.004771727,0.0069938763,-0.09294329,-0.039070874,0.07743508,-0.03779272,-0.05298641,-0.0034929675,0.07178705,0.021565942,-0.0017105025,0.031707786,0.010096891,-0.011638233,0.05874531,0.054311074,-0.087641835,-0.039902985,-0.016274154,-0.03044484,0.080275156,-0.015698968,0.06738327,-0.010485603,-0.013491778,-0.02290466,0.043883793,-0.076708965,-0.016842416,0.024143197,0.021284169,-6.458958e-33,0.041996382,0.060032003,-0.024428828,-0.014976984,0.062491447,0.008851037,0.005157376,0.07778959,0.01834974,-0.0324122,-0.053652905,0.015039234,0.031046022,0.016622433,0.0095957825,-0.03896347,0.02541544,0.051325966,-0.010523021,-0.014047914,-0.017928164,0.116351396,-0.040952794,-0.0026986438,0.021207927,0.051916823,-0.034679454,0.016192012,-0.039387647,0.05752157,0.017210582,0.0139101865,-0.11958726,0.060966935,-0.08151499,-0.025205998,0.0695442,0.094365284,-0.024006128,0.10485777,0.032703046,-0.0048990287,0.044158652,-0.068339184,0.0918101,-0.0008766301,-0.023912337,-0.082298584,0.07992715,-0.07529721,-0.05408529,0.021165771,0.030261049,0.04280873,0.013442031,-0.012232468,0.032279704,-0.011896926,-0.010838121,-0.07216188,0.10988101,0.09027485,0.071772836,0.13084523,-0.037168838,-0.043349545,0.012490711,0.028832208,-0.019352248,-0.0065058367,-0.09783737,0.006833086,0.017083991,0.009747674,0.028362723,0.058720138,0.050108146,-0.007040449,0.060500182,-0.0009667112,-0.043043315,-0.00884523,-0.026704464,-0.0017456823,-0.014726782,-0.1089194,0.038968865,-0.02969658,0.02332422,0.0017605395,-0.052959397,0.028511684,0.055170868,0.0015474054,0.009634252,-6.456445e-08,0.026951633,0.0076407585,0.008885808,0.07047146,-0.0030996518,-0.05814123,-0.028629892,0.05282134,-0.06581169,0.08520204,0.0003720169,0.020603677,-0.017086495,-0.023049882,-0.06801855,0.07494104,-0.032574024,0.052889805,-0.023575619,-0.042089965,-0.02831698,-0.016612465,-0.0176809,0.019278435,-0.012564923,0.061198384,0.039716303,0.025517043,0.023504747,-0.03212838,-0.036066283,-0.039681185,0.03371553,-0.044587173,-0.0178143,-0.020792032,-0.101674825,0.067723,0.02588289,0.11496374,-0.06188288,-0.1469991,-0.012049507,0.0057665515,0.124198675,0.03682997,-0.15094712,-0.0029804923,0.05063969,-0.0032024756,-0.009899724,0.008947262,-0.07990267,-0.0582108,-0.011876899,0.12256461,-0.0052827164,0.026950318,-0.10941089,0.00818701,0.030646974,-0.084447056,-0.021740554,-0.034064297

===== EMBEDDING 4 =====
-0.06732605,0.021725371,-0.049332723,0.037183914,-0.08712666,-0.045225203,-0.017050795,-0.0011258185,-0.021377612,0.08909783,0.002543206,-0.0405641,0.07263671,-0.02256292,0.029453596,-0.0015123431,0.039680965,-0.07052632,-0.0006386727,-0.10256423,-0.042264313,0.021274425,0.086038806,-0.039936192,-0.062289663,-0.016930142,0.067312956,0.0053964485,0.0044397223,-0.04755334,0.08497715,0.10592146,0.020496992,0.028025612,0.0444443,0.04861147,-0.011844247,-0.017983414,-0.05172562,-0.01626338,0.017675884,-0.0023399384,-0.039541606,-0.00466917,0.07457397,-0.096789435,-0.028522896,-0.036576316,0.025070447,-0.017458234,-0.021333236,-0.011783408,-0.04148445,5.3574757e-05,-0.025665335,0.022282157,0.022674665,-0.026388971,-0.02564351,-0.07194117,-0.045422237,0.02826181,0.03330933,0.00044290908,0.0038971328,0.028287569,0.030047188,0.081621535,0.09832251,-0.057990834,-0.08284153,-0.028387494,-0.08944901,0.0037610242,0.013595013,0.0028599561,0.0022358638,-0.0617545,-0.011603516,0.0011942808,0.00542258,-0.054263033,-0.05420048,-0.030687569,-0.021469789,-0.06837168,0.054383863,-0.021834692,-0.006094158,-0.0674956,0.16045387,0.013446718,-0.08959212,0.032890797,0.044771962,-0.050772198,-0.01810994,-0.03712088,0.009163393,0.046773773,-0.04767088,-0.022525756,-0.121447556,0.029258873,-0.14301792,-0.019452272,0.04515804,0.022325745,0.021531915,-0.04816119,-0.07630249,0.0061627477,-0.03777993,0.01852353,0.0014652835,0.048599474,0.016293472,0.05624497,-0.052950934,0.020802705,-0.029381609,0.07896679,-0.020714063,-0.013064767,-0.015798364,-0.10985396,-0.049318403,1.0407172e-32,0.018916776,0.12058178,-0.032127835,0.006671391,-0.032210715,0.023205241,0.0050383997,0.03263125,-0.07859703,0.01412883,0.049714874,0.0058727656,0.07826073,-0.005640573,0.03348213,-0.04532521,-0.098639175,-0.0036495645,-0.012976052,0.04522481,-0.021539086,-0.038131908,0.051413365,-0.047023084,0.09640613,0.07127314,0.060053874,0.05053272,0.06872299,0.02329562,0.017060429,-0.023158293,-0.11035441,-0.065208405,0.041622262,0.03776383,0.013520387,-0.052664693,-0.045138437,-0.087482214,-0.033582937,-0.0080073,0.09067743,-0.028000994,-0.011131859,-0.050106682,0.060399607,0.039472256,0.09855593,-0.026466053,-0.09528314,-0.028751122,-0.016911699,-0.060502663,0.06013707,-0.033098895,0.042185612,-0.032879543,-0.023748918,-0.016229562,0.0029114422,-0.05467517,-0.13421014,-0.026324324,-0.033603594,-0.015987977,-0.08553227,0.00958119,0.10135694,0.035998665,-0.0039863996,0.0036498287,0.006224434,0.091453634,-0.024040272,0.019984901,0.0018732069,0.02987485,0.009155486,0.054159097,-0.034405004,0.022182727,0.0066064317,-0.052143034,0.07572116,-0.037972912,0.069276795,-0.060758132,0.047308154,0.010129583,0.07047553,0.058834095,0.0003675661,0.09833246,-0.009127044,-1.07461335e-32,0.07462354,0.070942976,-0.12543778,0.06358685,0.08537851,-0.03114567,0.076706246,0.00572702,0.051383704,-0.05986918,0.059634574,0.044370666,-0.010451891,-0.08766138,-0.0086256005,-0.025555851,0.0058260853,-0.016199589,-0.011082335,-0.024889901,0.0019364894,0.0032057527,-0.060938247,-0.15984489,0.007559404,0.01616548,0.026407836,0.030784873,-0.04259958,0.063612096,0.0066885934,-0.072158836,-0.15598206,0.061440676,-0.0418835,0.07323599,0.093000196,0.011588658,-0.05064972,0.07487816,0.010472174,0.038272522,0.026769808,-0.00047941235,0.061233055,0.03849022,0.06756999,0.07262931,-0.02067439,-0.0474242,0.08726342,0.06091458,0.042717837,-0.011330978,0.11809714,0.0013431306,0.041002885,-0.038037483,-0.03201475,-0.034789972,0.06265043,0.055324115,0.05873525,0.024908999,-0.035936985,-0.0145039065,0.03297355,0.08468016,-0.012645462,-0.058561653,-0.008230098,-0.06483503,0.01055566,-0.06618298,-0.0051505365,0.04340787,-0.11212195,0.05553169,0.023654485,0.022014257,0.015422275,-0.0061481157,-0.022011884,0.038169164,0.015372914,0.0021558336,-0.009891178,-0.015999842,0.052046448,-0.050551016,-0.08373822,-0.034507785,0.05766135,-0.013628387,-0.008640961,-6.800003e-08,-0.039024018,-0.05786501,-0.023277726,-0.013500689,0.08180252,-0.018631466,-0.059854113,-0.035230137,-0.01496613,0.031946816,-0.0065281424,-0.042774353,-0.07257387,0.013242525,0.0007085082,0.0095079895,-0.010124236,0.018544,-0.01711565,-0.08890058,0.02019137,0.019009793,-0.031714283,-0.020356193,-0.04644903,0.060090836,-0.023440665,-0.040664006,0.012141442,0.04682098,0.0014933788,-0.0153123075,-0.0034620848,-0.047059167,0.0010858354,0.024859713,-0.017559776,0.0438698,0.08157728,0.05711787,-0.076216824,-0.0460964,0.038917426,0.034182098,0.055417523,0.03646802,-0.05053695,-0.034945015,-0.05612177,0.031550232,0.041021455,-0.05701408,0.025659364,-0.017185539,0.018936627,0.06357996,0.017622644,-0.11670355,-0.0412354,0.018717952,0.10045297,-0.06225384,-0.051462602,0.028315203

===== EMBEDDING 5 =====
-0.06143902,0.0026001937,0.011047181,-0.048078045,0.0015333679,0.016290966,-0.018092882,0.013408526,-0.06285367,0.08240078,0.036463898,0.016778577,-0.04052692,0.017546939,0.018786686,0.050926432,-0.020406893,0.024075784,-0.03778972,-0.039648246,0.05264856,0.074288465,-0.037780173,0.0071171187,-0.0412764,-0.009370375,0.011373193,-0.098759085,-0.0036091278,-0.0074985265,-0.014099371,0.062479034,0.039270956,-0.0051798737,0.068457395,-0.021709276,0.05232638,-0.003951878,0.03123957,-0.0055312575,-0.056598105,-0.032906696,-0.0084125735,0.013166718,-0.051825076,0.0404334,-0.009540356,-0.06299851,0.08293119,-0.025055015,0.014968986,0.0005915916,-0.0013148651,-0.06578192,-0.073719606,0.03676302,0.06640286,0.03521575,-0.030840438,-0.038758613,-0.046532176,0.067126766,-0.048126914,0.09709006,-0.044534095,-0.005780443,-0.03294009,0.006045792,0.05463215,-0.04134375,-0.10936101,-0.046156935,-0.026275387,-0.011366781,0.06274213,0.016777376,-0.010916501,-0.013436028,0.088325776,-0.03804042,-0.027781656,-0.026398316,0.058500648,0.0096642375,-0.009287296,-0.0035739583,-0.015134514,0.05238619,0.047949173,-0.0028688987,0.12574966,0.00383412,-0.029730791,0.050784264,0.031007387,-0.047004577,0.0073235296,0.0035556075,-0.04024271,0.029610073,-0.04874084,-0.039781958,-0.037228964,-0.0028119008,-0.049399603,-0.022129728,0.03326696,-0.08974271,0.01009498,0.008244263,-0.007906482,-0.09465165,-0.03698691,-0.0060116188,0.042623207,-0.019159354,-0.0023690287,0.03953173,-0.015240946,-0.06654002,0.004364711,0.08636602,-0.036855944,-0.04422574,-0.08387944,-0.13074456,0.04093191,1.199864e-33,0.05033275,0.087625235,0.02641013,-0.0024948167,0.06866949,-0.057546675,0.052518904,0.010317295,-0.029699331,0.06836531,0.023139022,0.038479708,0.030700756,-0.06842445,-0.08233128,0.02643132,-0.02384927,0.027305098,-0.008457597,0.11390623,0.015109266,-0.04367908,0.00038150407,0.041697387,0.0046998747,0.058911074,-0.0009661885,0.018833391,0.13956867,0.020565068,0.03975756,-0.07168011,-0.03579906,-0.0772896,0.11392523,0.0287716,0.09760764,0.011155202,-0.018903697,-0.0483093,0.016424546,-0.06486054,0.07303197,0.020030994,0.013140058,0.00962955,0.022582738,0.05596803,0.09017594,0.043262247,-0.07474028,-0.047848463,-0.12736484,-0.03398226,0.021392977,-0.020667002,0.02945187,0.110134,0.008500761,-0.10792112,-0.0029747616,0.03298584,0.0032227375,-0.07019981,0.037815377,-0.13900289,-0.06472506,-0.11548658,0.077854775,-0.07485268,-0.092319675,-0.0017465566,-0.031895205,0.03464353,-0.017681029,-0.024536883,0.033983856,-0.007002583,0.016679777,0.014217399,-0.011921851,-0.07122471,-0.06290853,-0.08155854,0.087538086,-0.012707095,0.0010702192,-0.03426463,0.008068119,0.041749474,0.021328576,0.006237917,0.005095942,0.10626379,0.031821597,-3.5147817e-33,0.061052352,-0.04909372,-0.046724744,0.00435346,0.08896752,0.03092432,0.05195757,0.015513547,0.09341619,-0.08491644,0.020084191,0.038058996,-0.009384924,-0.04613819,-0.017944226,0.091887616,-0.016925922,0.08423732,-0.06577916,-0.028940296,-0.049811285,0.016813844,-0.014793227,0.010039249,0.015806105,-0.05003745,0.006829008,0.0040162047,0.0909779,0.09728959,0.022566747,-0.072758265,-0.14777486,0.067902885,-0.067037776,-0.02796157,0.07873496,0.045878675,-0.04111652,0.068113744,0.043729194,-0.05585799,0.07300808,0.007240177,0.031502,-0.011594741,0.027829468,0.031705093,-0.034016956,0.04561778,0.04746288,-0.06840791,0.120666124,-0.025988778,0.097276114,0.03914069,0.13498622,-0.06151696,-0.040652666,0.009607616,0.055558745,0.03570802,-0.04662809,-0.005197584,-0.00043696509,-0.060086235,-0.08659215,0.07559912,-0.062084276,-0.021230392,0.02526277,-0.06140949,0.07197803,-0.06542391,0.015064949,-0.04907044,-0.02181537,0.037216656,0.0034713447,0.09804904,0.02494503,0.03270132,-0.002828835,0.00922104,-0.022737406,-0.036279354,0.14885175,0.03200553,0.028600475,-0.075812794,-0.03420241,0.09076779,0.043984696,0.024405269,0.023807136,-4.0605837e-08,-0.010966196,-0.09769856,0.0376483,0.022918245,0.060796894,0.018123277,-0.030153496,-0.0092883445,0.0031278832,-0.0036653639,-0.06703802,-0.017224733,-0.06014038,-0.008789675,-0.0130985435,0.021738227,-0.067848146,-0.003769919,0.0067526675,-0.047568243,-0.028428875,-0.093242966,0.016808646,-0.0703034,-0.01443855,0.08776528,-0.00015181753,-0.027850296,-0.07357984,0.032406453,-0.018236134,0.03385378,-0.034093533,-0.08087203,-0.04915066,-0.020761712,-0.011706374,-0.03399692,0.017765198,-0.03580381,-0.048955556,-0.030561555,0.08488034,0.0034877607,0.005271562,0.018734377,-0.0023250503,-0.03483165,0.031055985,-0.012310994,-0.07816813,-0.04556127,-0.002429134,-0.02482833,-0.024086015,0.02060338,0.056614965,0.014212594,-0.064649105,-0.022667771,0.0019167246,0.04968274,-0.0037629355,0.025292413

